0,3106 1,3102 3,2410 4,3106 2,3103 5,3106 3,2966 6,3106 12,3106 7,3106 12,3106 13,3106 8,3106 11,3106 13,3106 7,3106 3,2410 9,3106 10,3105 10,3105 10,3105 11,3106 14,3106 3,174 10,3105 9,3106 10,3105 3,174 
0,3106 1,3102 3,2410 4,3106 2,3103 5,3106 3,2966 6,3106 12,3106 7,3106 12,3106 13,3106 8,3106 11,3106 13,3106 7,3106 3,2410 9,3106 10,3105 10,3105 10,3105 11,3106 14,3106 3,174 10,3105 9,3106 3,174 
0,3106 1,3102 3,2410 4,3106 2,3103 5,3106 3,2966 6,3106 12,3106 7,3106 12,3106 13,3106 8,3106 11,3106 13,3106 3,2410 9,3106 10,3105 10,3105 10,3105 11,3106 14,3106 3,174 10,3105 9,3106 3,174 
0,3106 1,3102 3,2410 4,3106 2,3103 5,3106 3,2966 6,3106 12,3106 7,3106 12,3106 13,3106 8,3106 11,3106 13,3106 3,2410 9,3106 10,3105 10,3105 10,3105 11,3106 3,174 10,3105 9,3106 3,174 
0,3106 1,3102 3,2410 4,3106 2,3103 5,3106 3,2966 6,3106 12,3106 7,3106 12,3106 13,3106 8,3106 11,3106 13,3106 3,2410 9,3106 10,3105 10,3105 10,3105 11,3106 3,174 10,3105 3,174 
0,3106 1,3102 3,2410 4,3106 2,3103 5,3106 3,2966 6,3106 12,3106 7,3106 12,3106 13,3106 8,3106 11,3106 13,3106 3,2410 9,3106 10,3105 10,3105 10,3105 11,3106 3,174 10,3105 
0,3106 1,3102 3,2410 4,3106 2,3103 5,3106 3,2966 6,3106 12,3106 7,3106 12,3106 8,3106 11,3106 13,3106 3,2410 9,3106 10,3105 10,3105 10,3105 11,3106 3,174 10,3105 
0,3106 1,3102 3,2410 4,3106 2,3103 5,3106 3,2966 6,3106 7,3106 12,3106 8,3106 11,3106 13,3106 3,2410 9,3106 10,3105 10,3105 10,3105 11,3106 3,174 10,3105 
0,3106 1,3102 3,2410 4,3106 2,3103 5,3106 3,2966 6,3106 7,3106 12,3106 8,3106 11,3106 13,3106 3,2410 9,3106 10,3105 10,3105 10,3105 11,3106 3,174 
0,3106 1,3102 3,2410 4,3106 2,3103 5,3106 3,2966 6,3106 7,3106 12,3106 8,3106 11,3106 13,3106 3,2410 9,3106 10,3105 10,3105 10,3105 3,174 
0,3106 1,3102 3,2410 4,3106 2,3103 5,3106 3,2966 6,3106 7,3106 12,3106 8,3106 11,3106 3,2410 9,3106 10,3105 10,3105 10,3105 3,174 
0,3106 1,3102 3,2410 4,3106 2,3103 5,3106 3,2966 6,3106 7,3106 8,3106 11,3106 3,2410 9,3106 10,3105 10,3105 10,3105 3,174 
0,3106 1,3102 3,2410 4,3106 2,3103 5,3106 3,2966 6,3106 7,3106 8,3106 11,3106 3,2410 9,3106 10,3105 10,3105 3,174 
0,3106 1,3102 3,2410 4,3106 2,3103 5,3106 3,2966 6,3106 7,3106 8,3106 3,2410 9,3106 10,3105 10,3105 3,174 
0,3106 1,3102 3,2410 4,3106 2,3103 5,3106 3,2966 6,3106 7,3106 8,3106 3,2410 9,3106 10,3105 3,174 
0,3106 1,3102 3,2410 4,3106 2,3103 5,3106 3,2966 6,3106 7,3106 8,3106 3,2410 9,3106 3,174 
0,3106 1,3102 3,2410 4,3106 2,3103 5,3106 3,2966 6,3106 7,3106 8,3106 3,2410 3,174 
0,3106 1,3102 3,2410 4,3106 2,3103 5,3106 3,2966 6,3106 7,3106 8,3106 3,2410 
0,3106 1,3102 3,2410 4,3106 2,3103 5,3106 3,2966 6,3106 8,3106 3,2410 
0,3106 1,3102 3,2410 4,3106 2,3103 5,3106 3,2966 6,3106 3,2410 
0,3106 1,3102 3,2410 4,3106 2,3103 5,3106 3,2966 6,3106 
0,3106 1,3102 3,2410 4,3106 2,3103 5,3106 3,2966 
0,3106 1,3102 3,2410 4,3106 2,3103 3,2966 
0,3106 1,3102 3,2410 2,3103 3,2966 
0,3106 1,3102 3,2410 2,3103 
0,3106 1,3102 2,3103 
0,3106 1,3102 
1,3102 