2,2525
2,2773
8,3105
7,3105
16,3105
4,3105
2,2968
3,3105
2,2525
31,3105
1,3102
33,3105
2,2936
3,3105
2,2923
3,3105
2,2966
3,3105
2,2922
3,3105
2,2874
3,3105
2,2771
3,3105
2,2942
3,3105
2,2880
3,3105
2,2850
3,3105
2,2886
3,3105
2,2731
2,2778
3,3105
2,3078
3,3105
2,3041
3,3105
2,3020
2,3035
2,3087
8,3105
21,3105
21,3105
2,3036
37,3105
27,3103
2,3084
37,3105
27,3103
2,3096
37,3105
34,3087
36,3105
14,3105
2,2526
2,2446
3,3105
2,3041
3,3105
2,3020
2,3035
2,3087
8,3105
21,3105
21,3105
2,3036
37,3105
27,3103
2,3084
37,3105
27,3103
2,3096
37,3105
34,3087
36,3105
14,3105
2,2845
2,2260
3,3105
2,3041
3,3105
2,3020
2,3035
2,3087
8,3105
21,3105
21,3105
2,3036
37,3105
27,3103
2,3084
37,3105
27,3103
2,3096
37,3105
34,3087
36,3105
14,3105
2,2350
2,3101
3,3105
2,3078
3,3105
27,3103
2,3084
37,3105
27,3103
2,3096
37,3105
34,3087
36,3105
14,3105
2,2960
2,2860
3,3105
27,3103
2,3084
37,3105
27,3103
2,3096
37,3105
34,3087
36,3105
14,3105
2,3042
2,2999
3,3105
27,3103
2,3084
37,3105
27,3103
2,3096
37,3105
34,3087
36,3105
14,3105
2,3010
2,2907
3,3105
27,3103
2,3084
37,3105
27,3103
2,3096
37,3105
34,3087
36,3105
14,3105
2,2587
31,3105
1,3102
27,3103
2,2983
37,3105
27,3103
2,3084
37,3105
27,3103
2,3021
37,3105
34,2788
36,3105
27,3103
2,2983
37,3105
27,3103
2,3084
37,3105
27,3103
2,3021
37,3105
34,2791
36,3105
27,3103
2,3012
37,3105
34,2818
36,3105
2,2936
3,3105
2,2923
3,3105
2,2966
3,3105
2,2922
3,3105
2,2874
3,3105
2,2942
3,3105
2,2850
3,3105
2,2731
2,2778
3,3105
2,3078
3,3105
2,3041
3,3105
2,3020
2,3035
2,3087
8,3105
21,3105
21,3105
2,3036
37,3105
27,3103
2,3084
37,3105
27,3103
2,3096
37,3105
34,3087
36,3105
14,3105
2,2743
2,2494
3,3105
2,3078
3,3105
2,3041
3,3105
2,3020
2,3035
2,3087
8,3105
21,3105
21,3105
2,3036
37,3105
27,3103
2,3084
37,3105
27,3103
2,3096
37,3105
34,3087
36,3105
14,3105
2,2960
2,2860
3,3105
27,3103
2,3084
37,3105
27,3103
2,3096
37,3105
34,3087
36,3105
14,3105
2,2690
2,3101
3,3105
2,3078
3,3105
27,3103
2,3084
37,3105
27,3103
2,3096
37,3105
34,3087
36,3105
14,3105
2,3010
2,2907
3,3105
27,3103
2,3084
37,3105
27,3103
2,3096
37,3105
34,3087
36,3105
14,3105
2,2507
31,3105
1,3102
27,3103
2,2983
37,3105
27,3103
2,3084
37,3105
27,3103
2,3021
37,3105
34,2788
36,3105
27,3103
2,2983
37,3105
27,3103
2,3084
37,3105
27,3103
2,3021
37,3105
34,2791
36,3105
27,3103
2,3012
37,3105
34,2818
36,3105
3,3105
2,3078
3,3105
2,3041
3,3105
2,3020
2,3035
2,3087
8,3105
21,3105
21,3105
2,3036
37,3105
27,3103
2,3084
37,3105
27,3103
2,3096
37,3105
34,3087
36,3105
14,3105
2,2960
2,2860
3,3105
27,3103
2,3084
37,3105
27,3103
2,3096
37,3105
34,3087
36,3105
14,3105
2,3042
2,2999
3,3105
2,3078
3,3105
27,3103
2,3084
37,3105
27,3103
2,3096
37,3105
34,3087
36,3105
14,3105
2,3010
2,2907
3,3105
27,3103
2,3084
37,3105
27,3103
2,3096
37,3105
34,3087
36,3105
14,3105
2,666
31,3105
1,3102
27,3103
2,2983
37,3105
27,3103
2,3084
37,3105
27,3103
2,3021
37,3105
34,2788
36,3105
27,3103
2,2983
37,3105
27,3103
2,3084
37,3105
27,3103
2,3021
37,3105
34,2791
36,3105
27,3103
2,3012
37,3105
34,2818
36,3105
3,3105
2,3078
3,3105
2,3041
3,3105
2,3020
2,3035
2,3087
8,3105
21,3105
21,3105
2,3036
37,3105
27,3103
2,3084
37,3105
27,3103
2,3096
37,3105
34,3087
36,3105
14,3105
2,2493
2,2653
3,3105
27,3103
2,3084
37,3105
27,3103
2,3096
37,3105
34,3087
36,3105
14,3105
2,2960
2,2860
3,3105
27,3103
2,3084
37,3105
27,3103
2,3096
37,3105
34,3087
36,3105
14,3105
2,3042
2,2999
3,3105
2,3078
3,3105
27,3103
2,3084
37,3105
27,3103
2,3096
37,3105
34,3087
36,3105
14,3105
2,3010
2,2907
3,3105
27,3103
2,3084
37,3105
27,3103
2,3096
37,3105
34,3087
36,3105
14,3105
2,871
31,3105
1,3102
27,3103
2,2983
37,3105
27,3103
2,3084
37,3105
27,3103
2,3021
37,3105
34,2788
36,3105
27,3103
2,2983
37,3105
27,3103
2,3084
37,3105
27,3103
2,3021
37,3105
34,2791
36,3105
27,3103
2,3012
37,3105
34,2818
36,3105
2,2907
3,3105
27,3103
2,3084
37,3105
27,3103
2,3096
37,3105
34,3087
36,3105
14,3105
2,2102
31,3105
1,3102
27,3103
2,2983
37,3105
27,3103
2,3084
37,3105
27,3103
2,3021
37,3105
34,2788
36,3105
27,3103
2,2983
37,3105
27,3103
2,3084
37,3105
27,3103
2,3021
37,3105
34,2791
36,3105
27,3103
2,3012
37,3105
34,2818
36,3105
37,3105
34,1297
36,3105
27,3103
2,1177
37,3105
27,3103
2,3084
37,3105
27,3103
2,3096
37,3105
34,1806
36,3105
27,3103
2,3012
37,3105
34,2818
36,3105
2,2936
3,3105
2,2923
3,3105
2,2966
3,3105
2,2922
3,3105
2,2874
3,3105
2,2771
3,3105
2,2942
3,3105
2,2880
3,3105
2,2850
3,3105
2,2886
3,3105
2,2731
2,2778
3,3105
2,3078
3,3105
2,3041
3,3105
2,3020
2,3035
2,3087
8,3105
21,3105
21,3105
2,3036
37,3105
27,3103
2,3084
37,3105
27,3103
2,3096
37,3105
34,3087
36,3105
14,3105
2,431
2,1687
3,3105
2,3078
3,3105
2,3041
3,3105
2,3020
2,3035
2,3087
8,3105
21,3105
21,3105
2,3036
37,3105
27,3103
2,3084
37,3105
27,3103
2,3096
37,3105
34,3087
36,3105
14,3105
2,2734
2,2489
3,3105
2,3078
3,3105
2,3041
3,3105
2,3020
2,3035
2,3087
8,3105
21,3105
21,3105
2,3036
37,3105
27,3103
2,3084
37,3105
27,3103
2,3096
37,3105
34,3087
36,3105
14,3105
2,2284
2,3101
3,3105
2,3078
3,3105
27,3103
2,3084
37,3105
27,3103
2,3096
37,3105
34,3087
36,3105
14,3105
2,2960
2,2860
3,3105
27,3103
2,3084
37,3105
27,3103
2,3096
37,3105
34,3087
36,3105
14,3105
2,3042
2,2999
3,3105
27,3103
2,3084
37,3105
27,3103
2,3096
37,3105
34,3087
36,3105
14,3105
2,3010
2,2907
3,3105
27,3103
2,3084
37,3105
27,3103
2,3096
37,3105
34,3087
36,3105
14,3105
2,1998
31,3105
1,3102
27,3103
2,2983
37,3105
27,3103
2,3084
37,3105
27,3103
2,3021
37,3105
34,2788
36,3105
27,3103
2,2983
37,3105
27,3103
2,3084
37,3105
27,3103
2,3021
37,3105
34,2791
36,3105
27,3103
2,3012
37,3105
34,2818
36,3105
2,2936
3,3105
2,2923
3,3105
2,2966
3,3105
2,2922
3,3105
2,2874
3,3105
2,2771
3,3105
2,2942
3,3105
2,2880
3,3105
2,2850
3,3105
2,2886
3,3105
2,2731
2,2778
3,3105
2,3078
3,3105
2,3041
3,3105
2,3020
2,3035
2,3087
8,3105
21,3105
21,3105
2,3036
37,3105
27,3103
2,3084
37,3105
27,3103
2,3096
37,3105
34,3087
36,3105
14,3105
2,2526
2,2446
3,3105
2,3041
3,3105
2,3020
2,3035
2,3087
8,3105
21,3105
21,3105
2,3036
37,3105
27,3103
2,3084
37,3105
27,3103
2,3096
37,3105
34,3087
36,3105
14,3105
2,1108
2,1391
3,3105
2,3041
3,3105
2,3020
2,3035
2,3087
8,3105
21,3105
21,3105
2,3036
37,3105
27,3103
2,3084
37,3105
27,3103
2,3096
37,3105
34,3087
36,3105
14,3105
2,2350
2,3101
3,3105
2,3078
3,3105
27,3103
2,3084
37,3105
27,3103
2,3096
37,3105
34,3087
36,3105
14,3105
2,2960
2,2860
3,3105
27,3103
2,3084
37,3105
27,3103
2,3096
37,3105
34,3087
36,3105
14,3105
2,3042
2,2999
3,3105
27,3103
2,3084
37,3105
27,3103
2,3096
37,3105
34,3087
36,3105
14,3105
2,3010
2,2907
3,3105
27,3103
2,3084
37,3105
27,3103
2,3096
37,3105
34,3087
36,3105
14,3105
2,1915
31,3105
1,3102
27,3103
2,2983
37,3105
27,3103
2,3084
37,3105
27,3103
2,3021
37,3105
34,2788
36,3105
27,3103
2,2983
37,3105
27,3103
2,3084
37,3105
27,3103
2,3021
37,3105
34,2791
36,3105
27,3103
2,3012
37,3105
34,2818
36,3105
21,3105
2,2967
2,1382
8,3105
7,3105
2,2885
19,3105
2,3101
3,3105
17,3105
16,3105
4,3105
2,3049
3,3105
2,1382
2,21
3,3105
14,3105
2,1555
2,3059
3,3105
1,3102
2,3101
3,3105
2,2990
3,3105
1,3102
2,2950
3,3105
2,2990
3,3105
1,3102
3,3105
28,3105
2,1809
8,3105
20,3105
16,3105
4,3105
2,1853
31,3105
1,3102
2,990
3,3105
1,3047
31,3105
1,3047
2,1371
8,3105
7,3105
16,3105
2,3048
8,3105
2,1458
42,3105
7,3105
16,3105
4,3105
2,3048
2,2896
3,3105
14,3105
2,1458
31,3105
1,3047
2,1371
8,3105
7,3105
16,3105
2,3048
8,3105
2,1605
42,3105
7,3105
16,3105
4,3105
2,3048
2,2896
3,3105
14,3105
2,1605
31,3105
1,3047
31,3105
1,3102
2,1717
2,2301
8,3105
21,3105
7,3105
16,3105
4,3105
2,2973
8,3105
5,3105
4,3105
2,2046
7,3105
2,2973
8,3105
6,3105
5,3105
2,619
42,3105
7,3105
16,3105
2,2046
7,3105
2,2973
19,3105
18,3022
17,3105
16,3105
4,3105
2,619
31,3105
1,3047
2,2705
7,3105
7,3105
2,1031
19,3105
2,3059
3,3105
17,3105
16,3105
4,3105
2,3088
8,3105
2,3016
8,3105
2,738
2,2705
7,3105
7,3105
27,3103
2,2893
2,1988
8,3105
7,3105
6,3105
5,3105
4,3105
2,2789
3,3105
2,1988
2,3101
3,3105
14,3105
2,3088
2,3101
3,3105
14,3105
2,3016
2,3101
3,3105
14,3105
2,2717
31,3105
1,3102
2,1988
8,3105
2,3088
8,3105
2,3016
8,3105
2,2717
2,2705
7,3105
7,3105
16,3105
4,3105
2,2789
3,3105
2,1988
15,3105
2,3101
3,3105
14,3105
2,3088
2,3101
3,3105
14,3105
2,3016
2,3101
3,3105
14,3105
2,2717
31,3105
1,3102
2,688
3,3105
14,3105
2,3088
2,3101
3,3105
14,3105
2,3016
2,3101
3,3105
14,3105
2,2967
2,688
3,3105
1,3102
15,3105
2,3101
3,3105
1,3102
15,3105
2,3101
3,3105
1,3102
2,3088
8,3105
2,3016
8,3105
2,2967
2,2705
7,3105
7,3105
12,3105
11,3105
4,3105
2,2789
3,3105
2,3088
2,3101
3,3105
14,3105
2,3016
2,3101
3,3105
14,3105
2,2967
2,688
3,3105
1,3102
31,3105
1,3102
31,3105
1,3102
31,3105
1,3102
31,3105
1,3102
31,3105
1,3102
31,3105
1,3102
31,3105
1,3102
2,3059
3,3105
2,3078
3,3105
1,3102
31,3105
1,3102
31,3105
1,3102
31,3105
1,3102
3,3105
1,2047
1,3074
31,3105
1,3102
16,3105
2,2573
8,3105
2,2573
32,3105
21,3105
20,3105
16,3105
4,3105
2,2573
2,1958
3,3105
14,3105
2,719
31,3105
1,3102
2,1958
3,3105
1,3102
31,3105
1,3074
31,3105
1,3074
31,3105
1,3074
31,3105
1,3102
2,2426
2,3101
3,3105
14,3105
2,1523
2,3101
3,3105
1,2680
1,3102
27,3103
2,2426
8,3105
27,3103
6,3105
6,3105
11,3105
4,3105
2,2426
2,3101
3,3105
14,3105
2,1523
2,3101
3,3105
1,3102
2,2426
8,3105
27,3103
6,3105
11,3105
4,3105
2,2426
2,3101
3,3105
14,3105
2,1523
2,3101
3,3105
1,3102
14,3105
2,1561
31,3105
1,3102
34,3075
33,3105
31,3105
1,3074
16,3105
2,100
42,3105
7,3105
16,3105
4,3105
2,100
31,3105
1,3047
34,3075
33,3105
2,1777
8,3105
7,3105
6,3105
35,3105
2,1777
8,3105
6,3105
6,3105
5,3105
2,1028
42,3105
7,3105
16,3105
4,3105
2,1028
31,3105
1,3047
34,3075
33,3105
31,3105
1,3102
16,3105
4,3105
2,2952
2,2865
3,3105
14,3105
2,1667
31,3105
1,3102
3,3105
1,3047
31,3105
1,3047
34,3075
33,3105
16,3105
4,3105
2,2272
31,3105
8,3105
2,3058
2,2816
8,3105
7,3105
16,3105
9,3104
2,3101
3,3105
2,2990
3,3105
25,3105
2,2816
19,3105
2,3101
3,3105
2,2990
3,3105
17,3105
16,3105
4,3105
2,108
2,3101
3,3105
2,3078
3,3105
1,3091
1,3102
2,3101
3,3105
2,3078
3,3105
1,3091
1,3102
2,352
7,3105
7,3105
16,3105
4,3105
2,3012
2,54
3,3105
14,3105
2,2826
31,3105
1,3102
34,3075
33,3105
2,3101
3,3105
1,3091
1,3102
31,3105
1,3047
2,3101
3,3105
1,3102
3,3105
25,3105
2,1760
8,3105
20,3105
16,3105
4,3105
2,574
31,3105
1,3102
3,3105
25,3105
11,3105
4,3105
2,1587
2,990
3,3105
1,3102
9,3104
9,3104
9,3104
2,1169
3,3105
25,3105
11,3105
4,3105
2,137
2,1169
3,3105
1,3102
2,3101
3,3105
1,3102
2,1936
3,3105
1,3074
2,1936
3,3105
1,3091
1,3102
33,3105
31,3105
1,3102
34,2805
33,3105
31,3105
1,3102
34,2805
33,3105
31,3105
1,3102
2,1616
3,3105
46,3105
2,2735
37,3105
34,2805
36,3105
3,3105
25,3105
24,3105
4,3105
2,2279
2,3049
3,3105
14,3105
45,3105
2,2084
8,3105
2,3096
8,3105
2,1495
8,3105
2,1438
8,3105
2,813
8,3105
2,2831
3,3105
25,3105
2,2314
8,3105
20,3105
16,3105
4,3105
44,3105
2,2314
19,3105
2,2831
3,3105
17,3105
16,3105
4,3105
2,2826
31,3105
1,3102
34,3075
33,3105
31,3105
1,3091
1,3102
31,3105
1,3091
1,3102
2,1134
3,3105
2,308
15,3105
2,2609
3,3105
14,3105
2,2582
2,2609
3,3105
1,3102
2,1134
3,3105
2,2971
2,3006
3,3105
14,3105
2,308
15,3105
2,3006
3,3105
14,3105
2,2582
31,3105
1,3102
2,1134
3,3105
2,308
15,3105
2,1986
3,3105
14,3105
2,2582
2,1986
3,3105
1,3102
2,1134
3,3105
2,308
15,3105
2,3101
3,3105
14,3105
2,2582
2,3101
3,3105
1,3102
31,3105
1,3102
31,3105
1,3102
2,1410
3,3105
2,3078
3,3105
1,3102
34,3075
33,3105
33,3105
2,1298
8,3105
7,3105
16,3105
2,2146
8,3105
2,2169
3,3105
25,3105
2,2447
8,3105
20,3105
16,3105
4,3105
44,3105
35,3105
2,2447
19,3105
2,2169
3,3105
17,3105
16,3105
4,3105
2,2671
3,3105
2,2045
31,3105
1,3074
31,3105
1,3102
2,3059
3,3105
1,3102
33,3105
31,3105
1,3102
34,3075
33,3105
31,3105
1,3102
31,3105
1,3102
2,3083
8,3105
2,3058
2,2380
32,3105
21,3105
7,3105
16,3105
4,3105
2,3083
2,2357
3,3105
14,3105
2,3058
31,3105
1,3102
2,3100
8,3105
2,2271
8,3105
13,3105
2,3058
7,3105
16,3105
2,3100
8,3105
10,3105
2,3080
8,3105
2,3100
8,3105
6,3105
2,3093
2,2271
8,3105
21,3105
2,3080
19,3105
9,3104
2,3100
19,3105
18,3099
18,3099
17,3105
38,3105
4,3105
2,2271
15,3105
2,2357
3,3105
14,3105
2,2903
31,3105
1,3102
2,2747
2,1821
32,3105
21,3105
7,3105
16,3105
2,2747
2,2380
32,3105
21,3105
7,3105
16,3105
4,3105
2,2747
31,3105
1,3102
2,3083
8,3105
2,3058
2,1821
32,3105
21,3105
7,3105
16,3105
2,3083
8,3105
2,2943
2,2380
32,3105
21,3105
7,3105
16,3105
4,3105
2,3083
2,2357
3,3105
14,3105
2,1774
31,3105
1,3102
2,2380
32,3105
21,3105
27,3103
6,3105
11,3105
4,3105
2,3067
2,3101
3,3105
1,3102
31,3105
1,3091
2,1198
2,3101
3,3105
2,3101
3,3105
2,3066
3,3105
3,3105
2,1507
3,3105
31,3105
1,3047
31,3105
1,3102
31,3105
1,3102
2,3101
3,3105
1,3102
2,3101
3,3105
1,3102
31,3105
1,3047
2,1701
8,3105
7,3105
11,3105
4,3105
2,1726
2,3101
3,3105
14,3105
2,862
2,3101
3,3105
1,3074
2,1198
2,3101
3,3105
1,2680
1,3047
2,3059
3,3105
1,3102
2,3101
3,3105
1,3047
7,3105
11,3105
4,3105
2,1198
2,3101
3,3105
1,3102
2,3101
3,3105
1,3102
2,3066
3,3105
3,3105
1,3102
2,1507
3,3105
1,3102
2,333
8,3105
11,3105
4,3105
2,2272
2,3101
3,3105
1,3102
2,550
3,3105
2,3078
3,3105
1,3091
1,3047
3,3105
1,3102
31,3105
1,3102
3,3105
2,2990
3,3105
1,3102
3,3105
1,3102
31,3105
1,3102
9,3104
2,1515
2,2996
8,3105
7,3105
16,3105
4,3105
2,2901
2,1431
3,3105
14,3105
2,1446
31,3105
1,3102
16,3105
4,3105
2,3049
3,3105
2,2963
15,3105
2,3101
3,3105
14,3105
2,1553
31,3105
1,3091
1,3102
31,3105
1,3102
4,3105
2,3049
3,3105
2,2421
31,3105
1,3047
2,2783
8,3105
7,3105
26,3105
12,3105
2,2878
7,3105
16,3105
2,903
2,2783
8,3105
7,3105
10,3105
2,2262
2,2783
8,3105
7,3105
16,3105
4,3105
2,2901
2,1431
3,3105
14,3105
2,1446
31,3105
1,3102
31,3105
1,3102
2,3101
3,3105
2,3078
3,3105
1,3102
2,2976
8,3105
21,3105
11,3105
4,3105
2,1370
2,3101
3,3105
1,3047
2,1881
8,3105
7,3105
2,2517
2,2976
8,3105
21,3105
2,3019
8,3105
2,2212
7,3105
16,3105
4,3105
35,3105
2,2535
8,3105
6,3105
5,3105
4,3105
2,3019
2,2997
3,3105
14,3105
2,1354
31,3105
1,3047
2,2793
8,3105
21,3105
2,2978
8,3105
2,2261
7,3105
2,2111
19,3105
2,3101
3,3105
17,3105
16,3105
2,402
2,2976
8,3105
21,3105
2,2943
2,2978
8,3105
7,3105
16,3105
2,396
8,3105
2,2828
2,2916
8,3105
7,3105
2,2040
8,3105
20,3105
16,3105
4,3105
35,3105
2,396
8,3105
6,3105
5,3105
2,402
2,2976
8,3105
21,3105
2,2978
8,3105
2,2261
7,3105
2,396
19,3105
2,3101
3,3105
17,3105
16,3105
2,2541
8,3105
2,2978
8,3105
2,1697
42,3105
7,3105
16,3105
4,3105
2,2541
2,3101
3,3105
14,3105
2,2978
2,3101
3,3105
2,3101
3,3105
2,3017
3,3105
14,3105
2,1697
31,3105
1,3047
34,3075
33,3105
2,2535
8,3105
11,3105
4,3105
2,1006
2,2827
3,3105
1,3102
7,3105
11,3105
4,3105
2,2037
2,3101
3,3105
1,3102
2,2111
8,3105
11,3105
4,3105
2,1401
2,2702
3,3105
1,3102
8,3105
11,3105
4,3105
2,866
2,2007
3,3105
1,3102
2,2702
8,3105
21,3105
2,2744
2,707
8,3105
7,3105
35,3105
2,707
8,3105
6,3105
6,3105
5,3105
2,3101
3,3105
2,3101
3,3105
2,2522
3,3105
25,3105
2,2867
19,3105
2,3101
3,3105
2,3101
3,3105
2,3017
3,3105
17,3105
16,3105
4,3105
2,707
2,3101
3,3105
14,3105
2,1767
2,3101
3,3105
2,3101
3,3105
2,3017
3,3105
1,3091
1,3102
2,1582
8,3105
11,3105
4,3105
2,48
2,1936
3,3105
1,3102
2,1907
8,3105
7,3105
7,3105
7,3105
2,1814
19,3105
2,2916
3,3105
2,3101
3,3105
2,3017
3,3105
17,3105
16,3105
4,3105
2,1907
2,1603
3,3105
14,3105
2,2218
2,1289
3,3105
14,3105
2,210
2,420
3,3105
14,3105
2,626
2,443
3,3105
14,3105
2,2436
31,3105
1,3102
2,443
3,3105
1,3102
31,3105
1,3102
2,40
3,3105
1,3102
2,394
3,3105
1,3102
2,28
3,3105
1,3102
2,1603
3,3105
1,3102
2,570
3,3105
1,3102
2,1289
3,3105
1,3102
2,45
3,3105
1,3102
2,1289
3,3105
1,3102
2,3101
3,3105
1,3102
2,798
3,3105
1,3102
2,640
3,3105
1,3102
2,540
3,3105
1,3102
2,500
3,3105
1,3102
3,3105
1,3102
2,3101
3,3105
1,3102
2,617
3,3105
1,3102
31,3105
1,3102
2,531
3,3105
1,3102
31,3105
1,3102
3,3105
1,3102
3,3105
25,3105
24,3105
4,3105
2,1116
2,2418
8,3105
7,3105
11,3105
4,3105
35,3105
2,2418
8,3105
6,3105
5,3105
2,1116
2,2695
8,3105
7,3105
11,3105
4,3105
35,3105
2,2695
8,3105
6,3105
5,3105
4,3105
2,1116
2,1603
3,3105
1,3102
2,2983
8,3105
11,3105
2,1549
8,3105
2,975
2,1132
8,3105
7,3105
2,2983
8,3105
20,3105
16,3105
4,3105
2,1249
8,3105
2,2983
8,3105
20,3105
16,3105
4,3105
35,3105
2,1549
8,3105
6,3105
2,2000
2,2665
8,3105
7,3105
10,3105
6,3105
5,3105
2,2983
19,3105
2,3101
3,3105
17,3105
16,3105
4,3105
2,2177
2,3101
3,3105
1,3102
2,1603
3,3105
1,3102
2,3062
8,3105
11,3105
4,3105
2,1994
2,420
3,3105
1,3102
31,3105
1,3102
2,195
3,3105
1,3102
2,482
3,3105
1,3102
31,3105
1,3102
31,3105
1,3102
31,3105
1,3102
9,3104
2,3060
8,3105
20,3105
16,3105
4,3105
2,3002
8,3105
2,3060
8,3105
10,3105
6,3105
5,3105
53,3076
2,2876
32,3105
21,3105
10,3105
16,3105
35,3105
2,2729
8,3105
2,3053
32,3105
21,3105
13,3105
20,3105
16,3105
2,2729
8,3105
2,3053
32,3105
21,3105
13,3105
2,3060
8,3105
2,3053
32,3105
21,3105
13,3105
20,3105
16,3105
2,2481
8,3105
2,2729
8,3105
20,3105
16,3105
2,3007
8,3105
2,3007
2,3025
8,3105
21,3105
6,3105
35,3105
2,3002
8,3105
9,3104
2,2729
8,3105
6,3105
12,3105
6,3105
2,2481
8,3105
20,3105
2,3053
32,3105
21,3105
13,3105
2,3025
8,3105
20,3105
12,3105
6,3105
6,3105
52,3105
2,2481
19,3105
18,3099
17,3105
16,3105
2,3060
8,3105
2,2729
19,3105
18,3099
17,3105
16,3105
4,3105
2,2635
8,3105
2,3025
8,3105
6,3105
5,3105
4,3105
35,3105
2,3060
8,3105
2,3053
32,3105
21,3105
13,3105
2,3025
8,3105
20,3105
12,3105
6,3105
52,3105
2,3025
19,3105
2,2977
3,3105
17,3105
16,3105
2,3002
8,3105
9,3104
2,3007
8,3105
6,3105
12,3105
6,3105
2,3060
19,3105
18,3099
17,3105
16,3105
2,3093
2,3053
32,3105
21,3105
21,3105
2,3002
19,3105
18,3099
17,3105
16,3105
2,3007
2,2635
8,3105
21,3105
2,3007
19,3105
18,3099
17,3105
16,3105
4,3105
35,3105
2,1418
2,2694
32,3105
21,3105
7,3105
2,2977
3,3105
28,3105
2,2635
8,3105
20,3105
12,3105
6,3105
52,3105
2,2635
19,3105
2,2977
3,3105
17,3105
16,3105
4,3105
2,2619
31,3105
1,3074
2,2876
2,2786
8,3105
21,3105
2,2876
32,3105
21,3105
20,3105
16,3105
2,2621
2,2786
8,3105
21,3105
2,2621
32,3105
21,3105
20,3105
16,3105
2,3053
2,2786
8,3105
21,3105
2,3053
32,3105
21,3105
20,3105
16,3105
2,3025
8,3105
2,2112
2,2786
8,3105
7,3105
16,3105
35,3105
2,3100
8,3105
2,3053
32,3105
21,3105
13,3105
2,3025
8,3105
20,3105
12,3105
6,3105
5,3105
2,3100
8,3105
10,3105
2,3093
8,3105
2,3100
8,3105
6,3105
2,3093
2,3053
32,3105
21,3105
21,3105
2,3093
19,3105
9,3104
2,3100
19,3105
18,3099
18,3099
17,3105
38,3105
2,3025
19,3105
2,2977
3,3105
17,3105
16,3105
2,2694
32,3105
21,3105
2,2694
2,2786
8,3105
21,3105
20,3105
16,3105
9,3104
2,2876
32,3105
21,3105
6,3105
2,1317
3,3105
25,3105
2,2786
19,3105
2,1317
3,3105
17,3105
16,3105
4,3105
2,2636
31,3105
1,3074
2,3096
8,3105
11,3105
4,3105
2,3014
2,3101
3,3105
1,3102
2,3096
8,3105
11,3105
4,3105
2,3067
2,3101
3,3105
1,3102
14,3105
2,2503
2,2329
3,3105
1,3102
3,3105
1,3102
2,2662
3,3105
1,3102
2,3088
8,3105
9,3104
2,3024
7,3105
16,3105
4,3105
2,3088
2,2662
3,3105
14,3105
2,253
31,3105
1,3102
9,3104
2,3081
7,3105
2,2499
3,3105
28,3105
11,3105
4,3105
2,1723
2,2499
3,3105
1,3102
2,3088
8,3105
9,3104
2,3024
7,3105
16,3105
4,3105
2,3088
2,2499
3,3105
14,3105
2,758
31,3105
1,3102
3,3105
1,3102
31,3105
1,3102
2,2662
3,3105
2,2662
3,3105
2,3017
3,3105
1,3102
2,2662
3,3105
1,3102
31,3105
1,3102
2,2662
3,3105
1,3102
9,3104
2,3081
7,3105
2,1277
3,3105
28,3105
11,3105
4,3105
2,273
2,1277
3,3105
1,3102
31,3105
1,3102
31,3105
1,3074
31,3105
1,3074
31,3105
1,3102
2,2167
8,3105
11,3105
2,2167
8,3105
2,977
2,3071
32,3105
21,3105
7,3105
2,2167
8,3105
20,3105
16,3105
4,3105
9,3104
2,1234
2,2757
8,3105
21,3105
2,2904
32,3105
21,3105
6,3105
12,3105
6,3105
5,3105
4,3105
2,2167
2,3078
3,3105
14,3105
2,977
2,3078
3,3105
1,3102
2,3067
7,3105
11,3105
4,3105
2,2347
2,3101
3,3105
1,3102
32,3105
21,3105
21,3105
6,3105
26,3105
11,3105
2,2856
32,3105
21,3105
11,3105
2,2470
2,1724
8,3105
7,3105
11,3105
35,3105
2,1724
8,3105
6,3105
5,3105
2,2686
7,3105
2,1724
19,3105
2,2144
3,3105
17,3105
16,3105
2,2470
2,3071
32,3105
21,3105
7,3105
11,3105
2,2962
2,3054
8,3105
21,3105
2,2953
32,3105
21,3105
6,3105
5,3105
4,3105
35,3105
2,3043
32,3105
21,3105
6,3105
5,3105
4,3105
2,2470
2,2890
3,3105
1,3102
32,3105
21,3105
20,3105
16,3105
4,3105
35,3105
2,2121
8,3105
6,3105
5,3105
2,2376
8,3105
2,3043
32,3105
21,3105
20,3105
16,3105
2,2126
8,3105
2,3071
32,3105
21,3105
20,3105
16,3105
2,2121
8,3105
2,2856
32,3105
21,3105
20,3105
16,3105
4,3105
2,2376
15,3105
2,2890
3,3105
14,3105
2,2126
2,2890
3,3105
14,3105
2,2121
2,2889
3,3105
14,3105
2,2615
31,3105
32,3105
21,3105
6,3105
26,3105
2,3093
19,3105
9,3104
2,3100
19,3105
18,3099
18,3099
17,3105
38,3105
2,2366
2,2757
8,3105
21,3105
2,2904
2,2914
8,3105
21,3105
6,3105
2,2904
32,3105
21,3105
20,3105
16,3105
2,2914
8,3105
2,3071
32,3105
21,3105
20,3105
16,3105
23,3098
2,2519
32,3105
21,3105
2,3071
32,3105
21,3105
2,2914
2,2143
8,3105
7,3105
2,2914
19,3105
2,2890
3,3105
17,3105
16,3105
2,2962
2,3054
8,3105
21,3105
50,3105
2,2953
32,3105
21,3105
23,3098
2,2519
32,3105
21,3105
2,2856
32,3105
21,3105
2,2914
2,2143
8,3105
7,3105
16,3105
2,1225
2,2757
8,3105
21,3105
10,3105
2,2904
32,3105
21,3105
20,3105
16,3105
32,3105
11,3105
9,3104
2,1225
2,2757
8,3105
21,3105
2,2904
32,3105
21,3105
6,3105
12,3105
6,3105
5,3105
4,3105
2,2396
2,2889
3,3105
2,1820
8,3105
21,3105
2,2523
8,3105
20,3105
16,3105
35,3105
2,1820
8,3105
6,3105
5,3105
2,2686
7,3105
2,1820
19,3105
2,2144
3,3105
17,3105
16,3105
4,3105
2,3071
32,3105
21,3105
2,2523
8,3105
20,3105
16,3105
4,3105
2,2000
2,3071
32,3105
21,3105
7,3105
10,3105
2,2962
2,3054
8,3105
21,3105
2,2953
32,3105
21,3105
6,3105
6,3105
5,3105
35,3105
2,2523
19,3105
2,2890
3,3105
17,3105
16,3105
4,3105
35,3105
2,2476
32,3105
21,3105
6,3105
5,3105
4,3105
2,2476
2,2889
3,3105
1,3102
2,2858
8,3105
21,3105
2,2881
32,3105
21,3105
20,3105
16,3105
4,3105
2,2881
2,2686
32,3105
21,3105
7,3105
2,2881
32,3105
21,3105
20,3105
16,3105
4,3105
35,3105
2,2686
7,3105
6,3105
5,3105
4,3105
35,3105
2,2881
32,3105
21,3105
6,3105
5,3105
4,3105
2,2881
15,3105
2,2889
3,3105
1,3102
31,3105
1,3102
51,3105
2,2264
2,2347
2,3071
32,3105
21,3105
7,3105
7,3105
2,2553
2,3037
8,3105
21,3105
2,2939
2,3037
8,3105
21,3105
2,2910
2,3003
8,3105
7,3105
2,3101
3,3105
25,3105
11,3105
50,3105
2,3067
2,2969
8,3105
7,3105
11,3105
2,2347
2,3100
8,3105
2,3043
32,3105
21,3105
13,3105
7,3105
2,3073
40,3038
2,3073
2,2969
8,3105
7,3105
7,3105
16,3105
4,3105
2,3100
8,3105
10,3105
2,3093
8,3105
2,3100
8,3105
6,3105
2,3093
2,3043
32,3105
21,3105
21,3105
2,3093
19,3105
9,3104
2,3100
19,3105
18,3099
18,3099
17,3105
38,3105
2,2347
2,3071
32,3105
21,3105
7,3105
2,2997
3,3105
25,3105
2,2969
19,3105
2,2997
3,3105
17,3105
16,3105
2,2264
2,2347
2,3071
32,3105
21,3105
7,3105
7,3105
2,2546
2,3037
8,3105
21,3105
2,2939
2,3037
8,3105
21,3105
2,2910
2,3003
8,3105
7,3105
2,3101
3,3105
25,3105
11,3105
35,3105
2,3043
32,3105
21,3105
6,3105
5,3105
2,2962
2,3054
8,3105
21,3105
50,3105
2,2939
2,3037
8,3105
21,3105
2,3101
3,3105
25,3105
11,3105
2,2940
2,3054
8,3105
21,3105
50,3105
2,2953
32,3105
21,3105
4,3105
2,3067
2,3101
3,3105
1,3102
2,2686
32,3105
21,3105
11,3105
2,2674
32,3105
21,3105
2,2148
8,3105
13,3105
2,2686
32,3105
21,3105
20,3105
16,3105
2,3093
2,2148
8,3105
21,3105
2,2674
32,3105
21,3105
6,3105
5,3105
2,2148
2,2856
32,3105
21,3105
7,3105
2,2148
19,3105
15,3105
2,2144
3,3105
17,3105
16,3105
4,3105
35,3105
2,2686
32,3105
21,3105
6,3105
5,3105
4,3105
2,2686
2,2144
3,3105
1,3102
2,403
3,3105
1,3091
1,3102
2,46
3,3105
1,3091
1,3102
2,376
3,3105
1,3091
1,3102
2,91
3,3105
1,3091
1,3102
2,534
3,3105
1,3091
1,3102
2,2913
8,3105
11,3105
2,3010
8,3105
2,2727
2,2913
8,3105
7,3105
16,3105
2,3042
8,3105
2,2550
2,2913
8,3105
7,3105
16,3105
2,1912
3,3105
25,3105
2,2913
19,3105
2,1912
3,3105
17,3105
16,3105
27,3103
2,3042
8,3105
2,3015
2,3066
8,3105
7,3105
16,3105
2,2912
8,3105
2,2570
7,3105
2,3042
19,3105
2,2999
3,3105
17,3105
16,3105
4,3105
2,2912
2,3101
3,3105
14,3105
2,3010
2,2907
3,3105
14,3105
2,897
2,1912
3,3105
1,3091
1,3102
2,2913
8,3105
11,3105
2,2960
8,3105
2,2331
2,2913
8,3105
7,3105
16,3105
2,3010
8,3105
2,2727
2,2913
8,3105
7,3105
16,3105
2,3042
8,3105
2,2550
2,2913
8,3105
7,3105
16,3105
2,1912
3,3105
25,3105
2,2913
19,3105
2,1912
3,3105
17,3105
16,3105
27,3103
2,3042
8,3105
2,3015
2,3066
8,3105
7,3105
16,3105
4,3105
2,2960
2,2860
3,3105
14,3105
2,3042
2,2999
3,3105
14,3105
2,3010
2,2907
3,3105
14,3105
2,897
2,1912
3,3105
1,3091
1,3102
2,186
3,3105
1,3091
1,3102
2,2092
8,3105
7,3105
16,3105
2,1543
3,3105
25,3105
2,2092
19,3105
2,1543
3,3105
17,3105
16,3105
27,3103
2,3023
3,3105
25,3105
24,3105
4,3105
35,3105
2,1728
8,3105
6,3105
5,3105
4,3105
2,1728
2,687
3,3105
14,3105
2,309
2,1543
3,3105
1,3091
1,3102
2,2092
8,3105
7,3105
16,3105
2,1543
3,3105
25,3105
2,2092
19,3105
2,1543
3,3105
17,3105
16,3105
27,3103
2,3023
3,3105
25,3105
24,3105
4,3105
9,3104
2,3093
2,1896
8,3105
7,3105
6,3105
35,3105
2,1896
8,3105
6,3105
6,3105
5,3105
4,3105
2,1896
2,3101
3,3105
14,3105
2,309
2,1543
3,3105
1,3091
1,3102
2,687
3,3105
1,3091
1,3102
2,2260
3,3105
1,3091
1,3102
27,3103
2,3093
2,2912
8,3105
7,3105
27,3103
6,3105
6,3105
2,3023
3,3105
25,3105
24,3105
4,3105
9,3104
2,3093
2,2912
8,3105
7,3105
6,3105
5,3105
35,3105
27,3103
2,2912
8,3105
2,2891
2,3066
8,3105
7,3105
16,3105
4,3105
2,2912
2,3101
3,3105
14,3105
2,1060
31,3105
1,3091
1,3074
2,996
3,3105
1,3091
1,3102
2,2336
3,3105
1,3091
1,3102
2,3042
8,3105
11,3105
2,2912
8,3105
2,1364
2,3042
8,3105
7,3105
16,3105
2,2999
3,3105
25,3105
2,3042
19,3105
2,2999
3,3105
17,3105
16,3105
2,2912
8,3105
2,1060
7,3105
16,3105
4,3105
2,2912
2,3101
3,3105
14,3105
2,2570
2,2999
3,3105
1,3091
1,3102
2,1070
3,3105
1,3091
1,3102
2,13
3,3105
1,3091
1,3102
2,780
3,3105
1,3091
1,3102
2,303
3,3105
1,3091
1,3102
2,2860
3,3105
1,3091
1,3102
2,2842
8,3105
21,3105
2,889
2,2490
8,3105
7,3105
16,3105
2,1797
3,3105
25,3105
2,2490
19,3105
2,1797
3,3105
17,3105
16,3105
4,3105
2,450
2,1797
3,3105
1,3091
1,3102
2,1897
8,3105
2,2647
8,3105
2,1900
8,3105
2,797
7,3105
11,3105
2,3096
8,3105
2,2828
2,2905
8,3105
7,3105
2,1900
19,3105
2,2905
3,3105
17,3105
16,3105
4,3105
2,1897
2,3101
3,3105
14,3105
2,2647
2,3101
3,3105
14,3105
2,3096
2,3101
3,3105
14,3105
2,797
2,2489
3,3105
1,3091
1,3102
2,2928
8,3105
7,3105
16,3105
2,2647
8,3105
2,1282
2,2928
8,3105
7,3105
16,3105
4,3105
2,2647
8,3105
2,1256
2,3066
8,3105
7,3105
10,3105
5,3105
2,3096
8,3105
2,2134
2,2928
8,3105
7,3105
16,3105
2,2489
3,3105
25,3105
2,2928
19,3105
2,2489
3,3105
17,3105
16,3105
27,3103
2,3096
8,3105
2,3015
2,3066
8,3105
7,3105
16,3105
4,3105
2,1897
2,3101
3,3105
14,3105
2,2647
2,3101
3,3105
14,3105
2,3096
2,2905
3,3105
14,3105
2,797
2,2489
3,3105
1,3091
1,3102
8,3105
11,3105
4,3105
2,1215
2,2702
3,3105
1,3102
2,1643
7,3105
11,3105
4,3105
2,1948
2,2702
3,3105
1,3102
2,1602
7,3105
11,3105
4,3105
2,2435
2,3035
3,3105
1,3102
2,1673
7,3105
11,3105
4,3105
2,2480
2,2568
3,3105
1,3102
2,1913
2,2723
8,3105
7,3105
11,3105
4,3105
2,2537
2,3101
3,3105
2,3101
3,3105
2,3017
3,3105
1,3102
2,1643
7,3105
11,3105
4,3105
2,1948
2,2702
3,3105
1,3102
8,3105
11,3105
4,3105
2,265
15,3105
2,3101
3,3105
2,3101
3,3105
2,3017
3,3105
1,3102
2,1602
7,3105
11,3105
4,3105
2,2435
2,3035
3,3105
1,3102
2,1673
7,3105
11,3105
4,3105
2,2480
2,2568
3,3105
1,3102
2,1913
2,2723
8,3105
7,3105
11,3105
4,3105
2,2537
2,3101
3,3105
2,3101
3,3105
2,3017
3,3105
1,3102
2,1713
8,3105
2,2360
2,2793
8,3105
21,3105
2,1751
8,3105
6,3105
6,3105
11,3105
4,3105
2,2037
2,3101
3,3105
1,3102
8,3105
11,3105
4,3105
2,1401
2,2702
3,3105
1,3102
2,2793
8,3105
21,3105
2,1751
8,3105
6,3105
6,3105
2,2988
2,2007
8,3105
7,3105
11,3105
4,3105
2,866
2,2007
3,3105
1,3102
2,1602
7,3105
11,3105
4,3105
2,2435
2,3035
3,3105
1,3102
2,1673
7,3105
11,3105
4,3105
2,2480
2,2568
3,3105
1,3102
2,1643
7,3105
11,3105
4,3105
2,1948
2,2702
3,3105
1,3102
2,1913
2,2723
8,3105
7,3105
11,3105
4,3105
2,2537
2,3101
3,3105
2,3101
3,3105
2,3017
3,3105
1,3102
8,3105
11,3105
4,3105
2,1643
2,2702
3,3105
1,3091
1,3074
8,3105
11,3105
4,3105
2,1673
2,2568
3,3105
1,3091
1,3074
8,3105
11,3105
4,3105
2,1602
2,3035
3,3105
1,3091
1,3074
2,2666
8,3105
7,3105
16,3105
2,1034
3,3105
25,3105
2,2666
19,3105
2,1034
3,3105
17,3105
16,3105
4,3105
2,3062
2,446
3,3105
14,3105
2,32
2,1034
3,3105
1,3091
1,3102
2,3101
3,3105
14,3105
2,32
2,1034
3,3105
1,3091
1,3102
14,3105
2,3062
2,446
3,3105
14,3105
2,2325
2,3101
3,3105
1,3091
1,3074
3,3105
1,3091
1,3102
2,2907
3,3105
1,3091
1,3102
2,2913
8,3105
7,3105
7,3105
16,3105
4,3105
2,2184
8,3105
2,2808
2,3066
8,3105
7,3105
5,3105
2,1391
3,3105
25,3105
2,2913
19,3105
2,1391
3,3105
17,3105
16,3105
4,3105
2,2184
2,1976
3,3105
2,3078
3,3105
14,3105
2,127
2,1391
3,3105
1,3091
1,3102
2,1976
3,3105
1,3091
1,3102
2,2249
8,3105
11,3105
2,3088
8,3105
2,2717
2,2249
8,3105
7,3105
16,3105
2,1402
8,3105
2,96
2,2249
8,3105
7,3105
16,3105
2,2647
8,3105
2,1282
2,2249
8,3105
7,3105
16,3105
2,2775
3,3105
25,3105
2,2249
19,3105
2,2775
3,3105
17,3105
16,3105
27,3103
2,3088
8,3105
2,3015
2,3066
8,3105
7,3105
16,3105
27,3103
2,2647
8,3105
2,3015
2,3066
8,3105
7,3105
16,3105
4,3105
2,3088
2,3101
3,3105
14,3105
2,1402
2,3101
3,3105
14,3105
2,2647
2,3101
3,3105
14,3105
2,1796
2,2775
3,3105
1,3091
1,3102
2,3088
8,3105
35,3105
27,3103
2,1796
7,3105
11,3105
4,3105
2,3088
2,3101
3,3105
14,3105
2,1796
2,2775
3,3105
1,3091
1,3102
2,654
3,3105
1,3091
1,3102
2,1120
3,3105
1,3091
1,3102
2,2913
8,3105
7,3105
7,3105
16,3105
4,3105
2,2350
8,3105
2,2808
2,3066
8,3105
7,3105
5,3105
2,2960
8,3105
2,2331
2,2913
8,3105
7,3105
16,3105
2,3042
8,3105
2,2550
2,2913
8,3105
7,3105
16,3105
2,3010
8,3105
2,2727
2,2913
8,3105
7,3105
16,3105
2,786
3,3105
25,3105
2,2913
19,3105
2,786
3,3105
17,3105
16,3105
27,3103
2,3042
8,3105
2,3015
2,3066
8,3105
7,3105
16,3105
4,3105
2,2350
2,3101
3,3105
2,3078
3,3105
14,3105
2,2960
2,2860
3,3105
14,3105
2,3042
2,2999
3,3105
14,3105
2,3010
2,2907
3,3105
14,3105
2,479
2,786
3,3105
1,3091
1,3102
2,786
3,3105
1,3091
1,3102
2,338
3,3105
1,3091
1,3102
2,762
3,3105
1,3091
1,3102
2,2555
8,3105
11,3105
2,2960
8,3105
2,2331
2,2555
8,3105
7,3105
16,3105
2,3010
8,3105
2,2727
2,2555
8,3105
7,3105
16,3105
2,3042
8,3105
2,2550
2,2555
8,3105
7,3105
16,3105
2,762
3,3105
25,3105
2,2555
19,3105
2,762
3,3105
17,3105
16,3105
27,3103
2,3042
8,3105
2,3015
2,3066
8,3105
7,3105
16,3105
4,3105
2,2960
2,2860
3,3105
14,3105
2,3042
2,2999
3,3105
14,3105
2,3010
2,2907
3,3105
14,3105
2,270
2,762
3,3105
1,3091
1,3102
2,433
3,3105
1,3091
1,3102
2,1490
3,3105
1,3091
1,3102
2,1687
3,3105
1,3091
1,3102
2,241
3,3105
1,3091
1,3102
2,481
3,3105
1,3091
1,3102
2,1274
3,3105
1,3091
1,3102
2,2494
3,3105
1,3091
1,3102
2,832
3,3105
1,3091
1,3102
2,1462
3,3105
1,3091
1,3102
2,1462
3,3105
1,3091
1,3102
2,938
3,3105
1,3091
1,3102
2,490
3,3105
1,3091
1,3102
3,3105
1,3091
1,3102
2,684
3,3105
1,3091
1,3102
2,61
3,3105
1,3091
1,3102
2,994
3,3105
1,3091
1,3102
2,1665
3,3105
1,3091
1,3102
2,994
3,3105
1,3091
1,3102
2,379
3,3105
1,3091
1,3102
2,313
3,3105
1,3091
1,3102
2,1769
3,3105
1,3091
1,3102
2,1872
3,3105
1,3091
1,3102
2,848
3,3105
1,3091
1,3102
2,398
3,3105
1,3091
1,3102
2,526
3,3105
1,3091
1,3102
2,1442
3,3105
1,3091
1,3102
2,478
3,3105
1,3091
1,3102
2,312
3,3105
1,3091
1,3102
2,458
3,3105
1,3091
1,3102
2,2778
3,3105
1,3091
1,3102
3,3105
1,3091
1,3102
2,551
3,3105
1,3091
1,3102
2,1105
3,3105
1,3091
1,3102
2,76
3,3105
1,3091
1,3102
2,2446
3,3105
1,3091
1,3102
2,132
3,3105
1,3091
1,3102
3,3105
1,3091
1,3102
2,882
3,3105
1,3091
1,3102
3,3105
1,3091
1,3102
2,23
3,3105
1,3091
1,3102
2,320
3,3105
1,3091
1,3102
2,872
3,3105
1,3091
1,3102
3,3105
1,3091
1,3102
2,3101
3,3105
1,3091
1,3102
14,3105
2,369
2,3101
3,3105
1,3091
1,3102
2,3101
3,3105
1,3091
1,3102
3,3105
1,3102
2,990
3,3105
1,3047
31,3105
1,3047
2,137
2,2679
8,3105
7,3105
11,3105
4,3105
2,137
2,1169
3,3105
1,3102
31,3105
1,3074
2,796
3,3105
1,3102
2,3048
8,3105
2,1458
2,3100
8,3105
2,3081
2,2672
8,3105
7,3105
2,2320
3,3105
28,3105
12,3105
7,3105
16,3105
4,3105
2,3100
8,3105
10,3105
2,3045
2,2672
8,3105
7,3105
2,3100
8,3105
6,3105
9,3104
2,3100
19,3105
18,3099
17,3105
38,3105
4,3105
2,3048
2,2896
3,3105
14,3105
2,1458
31,3105
1,3047
2,3048
8,3105
2,1605
2,3100
8,3105
2,3081
2,2672
8,3105
7,3105
2,2320
3,3105
28,3105
12,3105
7,3105
16,3105
4,3105
2,3100
8,3105
10,3105
2,3045
2,2672
8,3105
7,3105
2,3100
8,3105
6,3105
9,3104
2,3100
19,3105
18,3099
17,3105
38,3105
4,3105
2,3048
2,2896
3,3105
14,3105
2,1605
31,3105
1,3047
31,3105
1,3102
31,3105
1,3102
31,3105
1,3102
2,3078
3,3105
1,3102
31,3105
1,3102
31,3105
1,3102
23,3098
2,3048
8,3105
2,839
7,3105
16,3105
4,3105
2,3048
2,2896
3,3105
14,3105
2,355
31,3105
1,3102
31,3105
1,3102
31,3105
1,3102
31,3105
1,3074
6,3105
5,3105
11,3105
4,3105
2,840
2,2679
8,3105
21,3105
5,3105
4,3105
2,619
31,3105
1,3047
31,3105
1,3074
31,3105
1,3102
31,3105
1,3047
31,3105
1,3047
2,3078
3,3105
1,3102
2,3078
3,3105
1,3102
2,2896
3,3105
1,3102
31,3105
1,3102
31,3105
1,3102
2,2853
3,3105
1,3102
31,3105
1,3102
2,1169
3,3105
1,3102
2,1471
8,3105
11,3105
4,3105
2,1587
2,990
3,3105
1,3102
3,3105
1,3102
3,3105
1,3102
2,2696
8,3105
7,3105
5,3105
2,2897
2,2944
8,3105
7,3105
2,2853
3,3105
28,3105
2,2696
19,3105
2,2853
3,3105
17,3105
16,3105
53,3076
4,3105
2,2709
2,2944
8,3105
7,3105
10,3105
5,3105
4,3105
22,3105
2,2944
2,2593
8,3105
7,3105
2,2944
19,3105
2,2700
3,3105
17,3105
16,3105
2,2937
2,2593
8,3105
7,3105
10,3105
2,18
8,3105
20,3105
16,3105
4,3105
2,363
31,3105
1,3102
31,3105
1,3047
31,3105
1,3102
3,3105
1,3102
3,3105
2,3078
3,3105
1,3102
2,2239
8,3105
9,3104
2,1379
7,3105
16,3105
4,3105
2,2239
2,3101
3,3105
14,3105
2,1379
31,3105
1,3074
2,1732
3,3105
2,3078
3,3105
2,3041
3,3105
2,3020
2,3035
2,3087
8,3105
21,3105
21,3105
2,3036
37,3105
27,3103
2,3084
37,3105
27,3103
2,3096
37,3105
34,3087
36,3105
14,3105
2,1312
2,2916
3,3105
2,3041
3,3105
2,3020
2,3035
2,3087
8,3105
21,3105
21,3105
2,3036
37,3105
27,3103
2,3084
37,3105
27,3103
2,3096
37,3105
34,3087
36,3105
14,3105
2,2350
2,3101
3,3105
2,3078
3,3105
27,3103
2,3084
37,3105
27,3103
2,3096
37,3105
34,3087
36,3105
14,3105
2,3010
2,2684
3,3105
27,3103
2,3084
37,3105
27,3103
2,3096
37,3105
34,3087
36,3105
14,3105
2,1905
31,3105
1,3102
27,3103
2,2983
37,3105
27,3103
2,3084
37,3105
27,3103
2,3021
37,3105
34,2788
36,3105
27,3103
2,2983
37,3105
27,3103
2,3084
37,3105
27,3103
2,3021
37,3105
34,2791
36,3105
27,3103
2,3012
37,3105
34,2818
36,3105
7,3105
11,3105
4,3105
2,3088
2,3101
3,3105
14,3105
2,2502
2,2849
3,3105
1,3102
34,3075
33,3105
7,3105
11,3105
4,3105
2,3088
2,2849
3,3105
14,3105
2,2510
2,3101
3,3105
1,3102
34,3075
33,3105
2,3059
3,3105
46,3105
11,3105
4,3105
2,2491
2,2957
3,3105
1,3102
34,3075
33,3105
2,2842
8,3105
21,3105
11,3105
4,3105
2,2501
2,2905
3,3105
1,3102
34,3075
33,3105
7,3105
11,3105
4,3105
2,3088
2,3101
3,3105
14,3105
2,2502
2,2849
3,3105
1,3102
34,3075
33,3105
2,2842
8,3105
21,3105
11,3105
4,3105
2,2501
2,2905
3,3105
1,3102
34,3075
33,3105
7,3105
11,3105
4,3105
2,3088
2,3101
3,3105
14,3105
2,2502
2,2849
3,3105
1,3102
34,3075
33,3105
7,3105
11,3105
4,3105
2,3088
2,2849
3,3105
14,3105
2,2510
2,3101
3,3105
1,3102
34,3075
33,3105
2,2842
8,3105
21,3105
11,3105
4,3105
2,2501
2,2905
3,3105
1,3102
34,3075
33,3105
7,3105
11,3105
4,3105
2,3088
2,3101
3,3105
14,3105
2,2502
2,2849
3,3105
1,3102
34,3075
33,3105
7,3105
11,3105
4,3105
2,3088
2,2849
3,3105
14,3105
2,2510
2,3101
3,3105
1,3102
34,3075
33,3105
2,2842
8,3105
21,3105
11,3105
4,3105
2,2501
2,2905
3,3105
1,3102
34,3075
33,3105
7,3105
11,3105
4,3105
2,3088
2,3101
3,3105
14,3105
2,2502
2,2849
3,3105
1,3102
34,3075
33,3105
7,3105
11,3105
4,3105
2,3088
2,2849
3,3105
14,3105
2,2510
2,3101
3,3105
1,3102
34,3075
33,3105
35,3105
11,3105
4,3105
2,2491
2,2957
3,3105
1,3102
34,3075
33,3105
2,2842
8,3105
21,3105
11,3105
4,3105
2,2501
2,2905
3,3105
1,3102
34,3075
33,3105
7,3105
11,3105
4,3105
2,3088
2,3101
3,3105
14,3105
2,2502
2,2849
3,3105
1,3102
34,3075
33,3105
7,3105
11,3105
4,3105
2,3088
2,2849
3,3105
14,3105
2,2510
2,3101
3,3105
1,3102
34,3075
33,3105
2,2606
3,3105
46,3105
11,3105
4,3105
2,2491
2,2957
3,3105
1,3102
34,3075
33,3105
2,2842
8,3105
21,3105
11,3105
4,3105
2,2501
2,2905
3,3105
1,3102
34,3075
33,3105
7,3105
11,3105
4,3105
2,3088
2,3101
3,3105
14,3105
2,2502
2,2849
3,3105
1,3102
34,3075
33,3105
7,3105
11,3105
4,3105
2,3088
2,2849
3,3105
14,3105
2,2510
2,3101
3,3105
1,3102
34,3075
33,3105
46,3105
11,3105
4,3105
2,2491
2,2957
3,3105
1,3102
34,3075
33,3105
2,2842
8,3105
21,3105
11,3105
4,3105
2,2501
2,2905
3,3105
1,3102
34,3075
33,3105
7,3105
11,3105
4,3105
2,3088
2,3101
3,3105
14,3105
2,2502
2,2849
3,3105
1,3102
34,3075
33,3105
7,3105
11,3105
4,3105
2,3088
2,2849
3,3105
14,3105
2,2510
2,3101
3,3105
1,3102
34,3075
33,3105
2,2842
8,3105
21,3105
11,3105
4,3105
2,2501
2,2905
3,3105
1,3102
34,3075
33,3105
2,3088
8,3105
2,1564
7,3105
11,3105
4,3105
2,3088
2,3101
3,3105
14,3105
2,2502
2,2849
3,3105
1,3102
34,3075
33,3105
7,3105
11,3105
4,3105
2,3088
2,2849
3,3105
14,3105
2,2510
2,3101
3,3105
1,3102
34,3075
33,3105
2,2842
8,3105
21,3105
11,3105
4,3105
2,2501
2,2905
3,3105
1,3102
34,3075
33,3105
7,3105
11,3105
4,3105
2,3088
2,3101
3,3105
14,3105
2,2502
2,2849
3,3105
1,3102
34,3075
33,3105
35,3105
11,3105
4,3105
2,2491
2,2957
3,3105
1,3102
34,3075
33,3105
2,2842
8,3105
21,3105
11,3105
4,3105
2,2501
2,2905
3,3105
1,3102
34,3075
33,3105
2,3088
8,3105
2,1940
7,3105
11,3105
4,3105
2,3088
2,3101
3,3105
14,3105
2,2502
2,2849
3,3105
1,3102
34,3075
33,3105
7,3105
11,3105
4,3105
2,3088
2,2849
3,3105
14,3105
2,2510
2,3101
3,3105
1,3102
34,3075
33,3105
2,2842
8,3105
21,3105
11,3105
4,3105
2,2501
2,2905
3,3105
1,3102
34,3075
33,3105
7,3105
11,3105
4,3105
2,3088
2,3101
3,3105
14,3105
2,2502
2,2849
3,3105
1,3102
34,3075
33,3105
7,3105
11,3105
4,3105
2,3088
2,2849
3,3105
14,3105
2,2510
2,3101
3,3105
1,3102
34,3075
33,3105
46,3105
11,3105
4,3105
2,2491
2,2957
3,3105
1,3102
34,3075
33,3105
2,2842
8,3105
21,3105
11,3105
4,3105
2,2501
2,2905
3,3105
1,3102
34,3075
33,3105
2,3088
8,3105
2,187
7,3105
11,3105
4,3105
2,3088
2,3101
3,3105
14,3105
2,2502
2,2849
3,3105
1,3102
34,3075
33,3105
7,3105
11,3105
4,3105
2,3088
2,2849
3,3105
14,3105
2,2510
2,3101
3,3105
1,3102
34,3075
33,3105
2,2842
8,3105
21,3105
11,3105
4,3105
2,2501
2,2905
3,3105
1,3102
34,3075
33,3105
7,3105
11,3105
4,3105
2,3088
2,3101
3,3105
14,3105
2,2502
2,2849
3,3105
1,3102
34,3075
33,3105
7,3105
11,3105
4,3105
2,3088
2,2849
3,3105
14,3105
2,2510
2,3101
3,3105
1,3102
34,3075
33,3105
2,2842
8,3105
21,3105
11,3105
4,3105
2,2501
2,2905
3,3105
1,3102
34,3075
33,3105
7,3105
11,3105
4,3105
2,3088
2,3101
3,3105
14,3105
2,2502
2,2849
3,3105
1,3102
34,3075
33,3105
7,3105
11,3105
4,3105
2,3088
2,2849
3,3105
14,3105
2,2510
2,3101
3,3105
1,3102
34,3075
33,3105
2,3101
3,3105
46,3105
11,3105
4,3105
2,2491
2,2957
3,3105
1,3102
34,3075
33,3105
2,2842
8,3105
21,3105
11,3105
4,3105
2,2501
2,2905
3,3105
1,3102
34,3075
33,3105
7,3105
11,3105
4,3105
2,3088
2,3101
3,3105
14,3105
2,2502
2,2849
3,3105
1,3102
34,3075
33,3105
7,3105
11,3105
4,3105
2,3088
2,2849
3,3105
14,3105
2,2510
2,3101
3,3105
1,3102
34,3075
33,3105
35,3105
11,3105
4,3105
2,2491
2,2957
3,3105
1,3102
34,3075
33,3105
2,2842
8,3105
21,3105
11,3105
4,3105
2,2501
2,2905
3,3105
1,3102
34,3075
33,3105
7,3105
11,3105
4,3105
2,3088
2,3101
3,3105
14,3105
2,2502
2,2849
3,3105
1,3102
34,3075
33,3105
7,3105
11,3105
4,3105
2,3088
2,2849
3,3105
14,3105
2,2510
2,3101
3,3105
1,3102
34,3075
33,3105
35,3105
11,3105
4,3105
2,2491
2,2957
3,3105
1,3102
34,3075
33,3105
2,2842
8,3105
21,3105
11,3105
4,3105
2,2501
2,2905
3,3105
1,3102
34,3075
33,3105
7,3105
11,3105
4,3105
2,3088
2,3101
3,3105
14,3105
2,2502
2,2849
3,3105
1,3102
34,3075
33,3105
7,3105
11,3105
4,3105
2,3088
2,2849
3,3105
14,3105
2,2510
2,3101
3,3105
1,3102
34,3075
33,3105
35,3105
11,3105
4,3105
2,2491
2,2957
3,3105
1,3102
34,3075
33,3105
2,2842
8,3105
21,3105
11,3105
4,3105
2,2501
2,2905
3,3105
1,3102
34,3075
33,3105
2,685
8,3105
11,3105
4,3105
2,685
2,3101
3,3105
1,3102
2,3088
2,3101
3,3105
14,3105
2,2502
2,2849
3,3105
1,2680
1,3102
2,3088
2,2849
3,3105
14,3105
2,2510
2,3101
3,3105
1,2680
1,3102
2,2491
2,2957
3,3105
1,2680
1,3102
2,2501
2,2905
3,3105
1,2680
1,3102
2,3059
3,3105
1,3102
2,3059
3,3105
1,3102
35,3105
11,3105
2,1657
8,3105
2,3021
8,3105
2,2559
8,3105
2,2038
8,3105
2,2954
8,3105
2,2252
3,3105
28,3105
2,1390
7,3105
11,3105
4,3105
2,2252
3,3105
2,2954
8,3105
41,3105
5,3105
2,1657
8,3105
2,3021
8,3105
2,2559
8,3105
2,2038
8,3105
2,2954
8,3105
2,1917
3,3105
28,3105
2,1390
7,3105
11,3105
4,3105
2,1917
3,3105
2,2954
8,3105
41,3105
5,3105
2,1657
8,3105
2,3021
8,3105
2,2559
8,3105
2,2038
8,3105
2,2954
8,3105
2,2252
3,3105
2,3101
3,3105
2,2116
3,3105
28,3105
2,1390
7,3105
11,3105
4,3105
2,2116
3,3105
2,2954
8,3105
41,3105
5,3105
4,3105
2,1657
2,1015
3,3105
14,3105
2,3021
2,3101
3,3105
14,3105
2,2559
2,3101
3,3105
14,3105
2,2038
2,2211
3,3105
14,3105
2,2954
2,3059
3,3105
14,3105
2,1390
2,3059
3,3105
1,3102
2,3021
8,3105
2,2559
8,3105
2,2038
8,3105
2,3009
8,3105
2,2252
3,3105
28,3105
2,2954
8,3105
2,2252
3,3105
2,3101
3,3105
2,2116
3,3105
28,3105
2,1862
7,3105
16,3105
4,3105
2,2252
3,3105
2,3009
8,3105
41,3105
2,2116
3,3105
2,2954
8,3105
41,3105
6,3105
5,3105
2,3021
8,3105
2,2559
8,3105
2,2038
8,3105
2,3009
8,3105
2,2489
3,3105
28,3105
2,2954
8,3105
2,1917
3,3105
28,3105
2,1862
7,3105
16,3105
4,3105
2,2489
3,3105
2,3009
8,3105
41,3105
2,1917
3,3105
2,2954
8,3105
41,3105
6,3105
5,3105
4,3105
2,3021
2,3101
3,3105
14,3105
2,2559
2,3101
3,3105
14,3105
2,2038
2,2211
3,3105
14,3105
2,3009
2,3059
3,3105
14,3105
2,2954
2,3059
3,3105
14,3105
2,1862
31,3105
1,3102
2,3088
8,3105
2,3021
8,3105
2,2559
8,3105
2,2038
8,3105
2,2954
8,3105
2,1917
3,3105
28,3105
2,2717
7,3105
16,3105
4,3105
2,1917
3,3105
2,2954
8,3105
41,3105
5,3105
2,3088
8,3105
2,3021
8,3105
2,2559
8,3105
2,2038
8,3105
2,2954
8,3105
2,2489
3,3105
28,3105
2,2717
7,3105
16,3105
4,3105
2,2489
3,3105
2,2954
8,3105
41,3105
5,3105
2,3088
8,3105
2,3021
8,3105
2,2559
8,3105
2,2038
8,3105
2,2954
8,3105
2,976
3,3105
28,3105
2,2717
7,3105
16,3105
4,3105
2,976
3,3105
2,2954
8,3105
41,3105
5,3105
4,3105
2,3088
2,3101
3,3105
14,3105
2,3021
2,3101
3,3105
14,3105
2,2559
2,3101
3,3105
14,3105
2,2038
2,2211
3,3105
14,3105
2,2954
2,3059
3,3105
14,3105
2,2717
31,3105
1,3102
7,3105
5,3105
2,3021
8,3105
27,3103
6,3105
2,2870
2,2994
2,2996
8,3105
21,3105
7,3105
16,3105
4,3105
2,1610
8,3105
5,3105
4,3105
2,2243
2,1015
3,3105
14,3105
2,3021
2,3101
3,3105
14,3105
2,2559
2,3101
3,3105
14,3105
2,1946
2,2211
3,3105
14,3105
2,802
2,2252
3,3105
2,3101
3,3105
2,2116
3,3105
14,3105
2,1390
2,3059
3,3105
1,3102
19,3105
2,1384
3,3105
17,3105
16,3105
2,3021
8,3105
27,3103
6,3105
2,2870
2,2994
2,2996
8,3105
21,3105
7,3105
16,3105
4,3105
2,1610
8,3105
5,3105
4,3105
2,2243
2,1015
3,3105
14,3105
2,3021
2,3101
3,3105
14,3105
2,2559
2,3101
3,3105
14,3105
2,1946
2,2211
3,3105
14,3105
2,2496
2,2252
3,3105
14,3105
2,1390
2,3059
3,3105
1,3102
35,3105
11,3105
2,2489
3,3105
25,3105
11,3105
4,3105
2,3021
8,3105
2,3065
27,3103
7,3105
5,3105
2,3021
8,3105
27,3103
6,3105
2,2870
2,2994
2,2996
8,3105
21,3105
7,3105
16,3105
4,3105
2,1610
8,3105
5,3105
4,3105
2,2243
2,1015
3,3105
14,3105
2,3021
2,3101
3,3105
14,3105
2,2559
2,3101
3,3105
14,3105
2,1946
2,2211
3,3105
14,3105
2,921
2,1917
3,3105
14,3105
2,1390
2,3059
3,3105
1,3102
2,976
3,3105
14,3105
2,2717
31,3105
1,3102
2,3088
8,3105
2,889
2,921
8,3105
7,3105
16,3105
2,3088
8,3105
2,747
2,653
8,3105
7,3105
2,3088
8,3105
20,3105
16,3105
4,3105
2,3021
8,3105
2,3065
27,3103
7,3105
5,3105
2,3021
8,3105
27,3103
6,3105
2,2870
2,2994
2,2996
8,3105
21,3105
7,3105
16,3105
4,3105
2,1610
8,3105
5,3105
4,3105
2,3088
2,3101
3,3105
14,3105
2,3021
2,3101
3,3105
14,3105
2,2559
2,3101
3,3105
14,3105
2,1946
2,2211
3,3105
14,3105
2,921
2,1917
3,3105
14,3105
2,2717
31,3105
1,3102
2,3088
8,3105
2,3088
2,2928
8,3105
21,3105
20,3105
16,3105
2,3088
8,3105
2,747
2,653
8,3105
7,3105
2,3088
8,3105
20,3105
16,3105
4,3105
2,3021
8,3105
2,3065
27,3103
7,3105
5,3105
2,3088
8,3105
2,2647
2,2928
8,3105
21,3105
20,3105
16,3105
2,3088
8,3105
2,747
2,653
8,3105
7,3105
2,3088
8,3105
20,3105
16,3105
4,3105
2,3021
8,3105
2,3065
27,3103
7,3105
5,3105
2,3088
8,3105
2,3096
2,2928
8,3105
21,3105
20,3105
16,3105
2,3088
8,3105
2,747
2,653
8,3105
7,3105
2,3088
8,3105
20,3105
16,3105
4,3105
2,3021
8,3105
2,3065
27,3103
7,3105
5,3105
2,3021
8,3105
27,3103
6,3105
2,2870
2,2994
2,2996
8,3105
21,3105
7,3105
16,3105
4,3105
2,1610
8,3105
5,3105
4,3105
2,3088
2,3101
3,3105
14,3105
2,3021
2,3101
3,3105
14,3105
2,2559
2,3101
3,3105
14,3105
2,1946
2,2211
3,3105
14,3105
2,2928
2,2489
3,3105
14,3105
2,2717
31,3105
1,3102
2,921
8,3105
7,3105
7,3105
16,3105
2,3021
8,3105
27,3103
6,3105
2,2870
2,2994
2,2996
8,3105
21,3105
7,3105
16,3105
4,3105
2,1610
8,3105
5,3105
4,3105
2,3021
2,3101
3,3105
14,3105
2,2559
2,3101
3,3105
14,3105
2,1946
2,2211
3,3105
14,3105
2,2928
2,2489
3,3105
14,3105
2,921
2,1917
3,3105
14,3105
2,1862
31,3105
1,3102
16,3105
4,3105
44,3105
27,3103
2,3050
8,3105
27,3103
6,3105
6,3105
2,2921
2,2951
8,3105
7,3105
16,3105
2,2496
8,3105
2,3050
8,3105
2,3024
2,802
8,3105
7,3105
16,3105
2,1941
2,2496
8,3105
7,3105
2,3050
19,3105
2,3101
3,3105
17,3105
16,3105
2,3021
8,3105
27,3103
2,2814
2,2921
8,3105
7,3105
27,3103
6,3105
6,3105
6,3105
2,2870
2,2994
2,2996
8,3105
21,3105
7,3105
16,3105
4,3105
2,1610
8,3105
5,3105
2,1815
2,2496
8,3105
7,3105
2,2921
19,3105
2,1384
3,3105
17,3105
16,3105
4,3105
2,3021
2,3101
3,3105
14,3105
2,2559
2,3101
3,3105
14,3105
2,1946
2,2211
3,3105
14,3105
2,2496
2,2252
3,3105
14,3105
2,802
2,2252
3,3105
2,3101
3,3105
2,2116
3,3105
14,3105
2,1862
31,3105
1,3102
14,3105
2,2436
31,3105
1,3102
34,3075
33,3105
2,3059
3,3105
1,3102
34,3075
33,3105
31,3105
1,3102
34,3075
33,3105
2,1476
3,3105
2,3078
3,3105
1,3102
34,3075
33,3105
33,3105
2,1298
8,3105
7,3105
16,3105
2,2146
8,3105
2,2169
3,3105
25,3105
2,2447
8,3105
20,3105
16,3105
4,3105
44,3105
35,3105
2,2447
19,3105
2,2169
3,3105
17,3105
16,3105
4,3105
2,2671
3,3105
2,2045
31,3105
1,3074
31,3105
1,3102
31,3105
1,3102
16,3105
2,1850
3,3105
25,3105
2,3046
19,3105
2,1850
3,3105
17,3105
16,3105
4,3105
2,2908
15,3105
2,3101
3,3105
14,3105
2,1553
31,3105
1,3091
1,3102
31,3105
1,3102
34,3075
33,3105
2,3101
3,3105
1,3047
34,3075
33,3105
35,3105
11,3105
2,3027
8,3105
2,2914
2,3071
32,3105
21,3105
7,3105
16,3105
4,3105
35,3105
2,3071
32,3105
21,3105
6,3105
5,3105
4,3105
2,3027
2,2108
3,3105
14,3105
2,2914
2,2890
3,3105
1,3102
2,3027
8,3105
32,3105
2,2327
2,2949
8,3105
7,3105
16,3105
2,3027
8,3105
2,2949
8,3105
2,2543
2,3071
32,3105
21,3105
7,3105
16,3105
4,3105
35,3105
2,3071
32,3105
21,3105
6,3105
5,3105
4,3105
2,3027
8,3105
32,3105
2,2403
2,2949
8,3105
7,3105
5,3105
4,3105
2,3027
2,2637
3,3105
14,3105
2,2949
2,2346
3,3105
14,3105
2,2543
31,3105
1,3102
2,3027
8,3105
32,3105
2,2327
2,2949
8,3105
7,3105
16,3105
2,3027
8,3105
2,2949
8,3105
2,2543
2,3071
32,3105
21,3105
7,3105
16,3105
4,3105
35,3105
2,3071
32,3105
21,3105
6,3105
5,3105
4,3105
2,3027
8,3105
32,3105
2,2403
2,2949
8,3105
7,3105
5,3105
4,3105
2,3027
2,2108
3,3105
14,3105
2,2949
2,2346
3,3105
14,3105
2,2543
31,3105
1,3102
2,2043
8,3105
7,3105
6,3105
5,3105
2,878
7,3105
2,2789
3,3105
28,3105
2,2043
19,3105
2,2789
3,3105
17,3105
16,3105
2,2645
3,3105
25,3105
2,3068
19,3105
2,2645
3,3105
17,3105
16,3105
4,3105
2,2789
3,3105
2,878
7,3105
41,3105
5,3105
4,3105
2,2643
2,3101
3,3105
1,3102
31,3105
1,3091
1,3102
2,2663
8,3105
21,3105
2,3100
8,3105
6,3105
9,3104
2,3100
19,3105
18,3099
17,3105
38,3105
2,2770
3,3105
2,3078
3,3105
2,2950
3,3105
2,2522
3,3105
25,3105
2,483
8,3105
20,3105
16,3105
4,3105
2,2131
31,3105
1,3102
8,3105
5,3105
2,2994
8,3105
2,1224
7,3105
16,3105
2,1224
8,3105
5,3105
4,3105
44,3105
4,3105
23,3098
52,3105
2,194
8,3105
2,374
3,3105
25,3105
2,2994
8,3105
20,3105
16,3105
4,3105
44,3105
35,3105
2,2994
19,3105
2,374
3,3105
17,3105
16,3105
27,3103
2,194
19,3105
2,3101
3,3105
17,3105
16,3105
4,3105
2,2826
31,3105
1,3102
31,3105
1,3074
19,3105
18,2596
17,3105
16,3105
4,3105
2,1494
3,3105
2,2994
2,374
3,3105
14,3105
2,1224
31,3105
1,3074
2,3101
3,3105
1,3102
31,3105
1,3074
1,2047
16,3105
4,3105
2,1380
31,3105
1,2047
2,1342
2,1118
3,3105
2,2176
2,1118
3,3105
14,3105
2,119
31,3105
2,927
2,969
3,3105
2,1779
2,969
3,3105
14,3105
2,151
31,3105
2,1257
2,1226
3,3105
2,1870
2,1226
3,3105
14,3105
2,211
31,3105
2,2752
31,3105
2,1730
31,3105
2,197
2,1045
3,3105
2,1493
2,1045
3,3105
14,3105
2,400
31,3105
2,182
2,1096
3,3105
2,1722
2,1096
3,3105
14,3105
2,472
31,3105
2,955
2,2976
8,3105
21,3105
2,2943
2,2978
8,3105
7,3105
16,3105
2,2617
8,3105
2,799
3,3105
25,3105
2,1129
8,3105
20,3105
16,3105
4,3105
35,3105
2,2617
8,3105
6,3105
5,3105
2,955
2,2976
8,3105
21,3105
2,2978
8,3105
2,2261
7,3105
2,2617
19,3105
2,3101
3,3105
17,3105
16,3105
2,2541
8,3105
2,2978
8,3105
2,1697
42,3105
7,3105
16,3105
4,3105
2,2541
2,3101
3,3105
14,3105
2,2978
2,3101
3,3105
2,3101
3,3105
2,3017
3,3105
14,3105
2,1697
31,3105
1,3047
34,3075
33,3105
2,749
2,2976
8,3105
21,3105
11,3105
4,3105
2,1370
2,3101
3,3105
1,3047
2,1129
8,3105
11,3105
4,3105
2,1215
2,2702
3,3105
1,3102
2,1594
2,1129
8,3105
7,3105
2,955
2,2976
8,3105
21,3105
2,3019
8,3105
2,2212
7,3105
16,3105
4,3105
35,3105
2,1129
8,3105
6,3105
5,3105
4,3105
2,3019
2,2997
3,3105
14,3105
2,1354
31,3105
1,3047
2,1154
8,3105
2,3073
2,2584
8,3105
7,3105
16,3105
27,3103
2,3073
2,2584
8,3105
7,3105
16,3105
4,3105
9,3104
2,3093
2,2584
8,3105
7,3105
6,3105
5,3105
4,3105
2,1154
2,3101
3,3105
14,3105
2,1153
31,3105
1,3102
2,3088
8,3105
27,3103
2,3096
8,3105
6,3105
6,3105
2,1153
7,3105
16,3105
4,3105
2,3088
2,3101
3,3105
14,3105
2,3096
2,3101
3,3105
14,3105
2,3065
31,3105
1,3102
31,3105
1,3102
31,3105
1,3102
31,3105
1,3102
31,3105
1,3102
2,3067
2,2584
8,3105
7,3105
11,3105
4,3105
2,3067
2,3101
3,3105
1,3102
34,3075
33,3105
3,3105
1,3091
1,3102
35,3105
23,3098
2,2869
8,3105
2,2885
8,3105
2,1231
7,3105
11,3105
4,3105
2,3049
3,3105
2,2869
2,3101
3,3105
14,3105
2,2885
2,3101
3,3105
14,3105
2,1231
2,2438
3,3105
2,3078
3,3105
1,3091
1,3102
2,2458
8,3105
7,3105
16,3105
2,2503
2,311
8,3105
7,3105
2,2458
19,3105
2,311
3,3105
17,3105
16,3105
